carcar corflo faggra ileopa liqsty maggra nyssyl ostvir oxyarb pingla quenig quemic symtin
 1     1    1     7     9     1     8     0    19     3     1    4     3     0
 2     0    2     3    18    13     6     0    19     2     2    0    10     0
 3     7    4     9    13    14     2     3     7     0     8    1    14     2
 4    21    7     7     2     6     1     3    10     1     0    0     8     1
 5     8    2     4     0     0     3     1     9     0     0    1     6     0
 6     3    4    14     1    24     4     1     4     0     5    0     7     0
 7     5    3     7     0    10     3     0    22     0     0    0     1     3
 8    17    0    13     3     5     5     0     0     0     0    0     3     0
 9     0    1     6    20    12     0     1    18     3     1    1     0     0
10     0    3     2    28     8     0     2    11     1     0    0     4     1
11     1    4     6    13     1     4     4     8     0     0    0     0     0
12    14    2     6     6     3     1     0     0     0     0    5    15     0
13    11    2     3     4     2     5     1     2     0     0    3     6    23
14     7    0    15     3    15     4     0     3     0     2    1     6     1
15     7    4    10     0     4     7     0     2     0     0    1     5     1
16     1    9    16     5    11     4     2     5    15     1    8     3     0
17     1    4     9    18     3     0     6    22     1     0    1     4     4
18     0    0     3    17     9     0     4    20     2     0    2     1    22
19     2    3     6     7    11     1     0     7     0     2    1     1     5
20    22    3     4    12    13     3     0     6     0     1    4    17     3
21     6    4     5     0    14     3     0     3     0     0    6     9     7
22     9    0     6     3     2     5     0     0     0     1    3     9     5
23     4    2    13     1     3     5     2     1     0     1    0     8     1
24     2    4    15     1     3     6     0     3     1     1    0     0     0
25     0    4     7    10     7     2     3    12     1     0    0     5     0
26     0    2     4     3     2     3     3    17     0     1    4     5     4
27     0    5     2     7    13     2     0     5     0    18    5     3    10
28     6    1     6     9     0     6     1     0     0     4    0     6     0
29     7    0    22     5     1     3     0     0     0     0    0     6     1
30    16    0    13     3    11     5     0     0     0     7    1    12    16
31    28    0     7     1    12     5     2     3     0    10    1     3     0
32    11    0    14     1     4     7     3     2     0     2    0     4     0
33     0    4    10    12     5     8     0     7     1     3    1     5     0
34     2    4     7    12    12     6     0    17     2     0    1     8     1
35     3    4    10    12     7     5     2     7     3     1    0     7     5
36     9    2     6     4     6     1     1     6     0     3    0     2     0
37     6    2    11     5     5     7     2     3     0     1    0     6    17
38     2    1    13    10    13     5     2     3     0     6    2     8    19
39    27    1     4     3    26     5     1     9     0     0    0     0     0
40    21    0     6     1     4     5     1     2     0     1    5     1     0
41     0    5     8     3     0     7     1    20     2     5    1     4     0
42     0    0    13     5     7     8     0     8     2     2    0     4     0
43     3    2    22     6     2    12     2    11     2     0    1     5     0
44     4    5     9     4    10     7     0     4     0     2    1     2     0
45     5    9    13     8    10     5     0     2     0     3    2     5     2
46    14    5     5    11    27     1     0     6     0     1    0     3    27
47    27    1     3     1    11     3     5     2     0     1    4    10     3
48    28    0     4     2     3     3     5     2     0     0    3     8     1
49     0    1     4    16     3     2     0    13     6     1    0     8     0
50     2    3     8     8     6     5     1    11     4     5    0     1     1
51     1    3    13    12     7    11     3     7     3     4    0     3     0
52    13    3     9     3     5     6     2     4     1     0    0     5     0
53     1    1    15     6     2     6     0     0     0     0    0     0     0
54    14    3     5     7     8     2     0     2     0     0    4     5     3
55    17    2     0     9     3     0     1     0     0     0    7    20     0
56    13    2     2    12     2     0     0    10     0     3    9    11     0
57     0    1    10     5     2     3     0     4     2     0    0     3     0
58     1    0    13     8     4     6     2     5     4     5    0     1     2
59     5    0    11    19     8     5     2     7     4     3    1    11     0
60    23    0     8    10    16     1     8     0     3     1    1    14     0
61    21    0     4     1    16     5     2     1     0     1    5     9     0
62    26    0     5     3    18     1     2     0     0     2    4    10     0
63    20    1     3     3     8     1     0     5     1    18    1    12     0
64     6    5     3     9     2     1     1    10     1     2    0     3    15
65     1    0     8    10    10     4     1     2     2     7    9     2     2
66     2    0     7    10     4     6     4     4     2     5    0     8     0
67     1    0    11    14    19     3     4     7     7     9    6     7     0
68    18    0     7     9     7     4    11     0     0     0    8     6     0
69    17    1     4     1     5     2     8     1     0     0    7    11     0
70    20    1    12     6    15     3     0     1     0     9    0     4     0
71     4    1     5     4     6     1     0     7     0    20    1     6     0
72     4    2     0     4    18     1     1    16     0     6    1     3    11